580 South 4 1523
710 East 5 1713
1710 East 19 1250
1280 East 11 1024
1790 South 14 1911
1860 East 7 1824
110 East 19 1939
1610 South 9 1559
310 South 13 1734
360 East 14 1207
1840 East 19 1051
1090 South 13 1216
140 South 7 1716
1030 East 13 1723
280 East 6 1126
30 East 13 1409
1730 South 5 1032
1390 East 0 1801
240 South 2 1258
820 East 12 1624
730 East 13 1408
130 South 4 1335
1340 East 10 1313
1110 South 17 1734
350 South 12 1113
1270 East 5 1427
840 East 4 1618
1120 South 6 1559
530 South 2 1152
1330 East 13 1422
1060 South 4 1441
1360 South 9 1619
1090 East 15 1701
660 South 17 1550
1420 East 3 1049
770 South 19 1852
420 South 4 1818
1360 East 20 1330
1110 South 9 1629
810 East 2 1509
950 East 0 1553
1070 East 8 1919
1210 South 7 1654
730 South 16 1913
260 South 20 1401
440 South 5 1417
1230 East 10 1204
1470 East 17 1900
670 South 13 1442
310 South 19 1619
1690 East 14 1936
870 South 13 1032
810 South 0 1532
1110 South 19 1759
940 South 12 1108
1030 South 17 1854
1340 South 7 1902
1180 East 12 1900
1240 East 0 1728
1170 South 20 1021
1140 South 16 1257
530 South 16 1931
1510 East 20 1722
410 South 7 1619
1770 South 3 1148
540 South 5 1102
1890 South 8 1053
1480 South 14 1835
220 East 2 1909
210 East 3 1415
180 South 15 1136
1040 South 11 1301
1710 East 6 1603
70 South 9 1941
1050 South 10 1333
1070 East 20 1929
310 East 16 1550
1910 South 18 1059
1880 South 15 1251
950 South 8 1111
710 South 7 1322
1920 South 4 1249
1630 South 0 1940
1370 East 19 1840
1920 East 18 1702
810 East 13 1556
360 South 1 1008
1860 East 19 1326
1960 South 11 1211
740 East 13 1600
930 East 2 1726
1530 South 7 1533
110 East 20 1426
1830 East 20 1423
1230 South 17 1900
870 South 13 1310
1120 South 0 1041
1480 South 8 1936
1010 East 11 1759
20 South 19 1314
