120 East 2 1029
1410 South 8 1058
940 South 3 1237
1330 East 0 1644
1010 South 7 1826
1030 South 4 1447
380 East 17 1329
80 South 15 1046
1930 East 19 1411
1170 East 12 1900
10 East 11 1701
1250 South 12 1554
1860 East 9 1801
1490 South 10 1353
950 South 11 1416
230 South 13 1426
1410 East 3 1900
1720 East 15 1351
1110 East 3 1025
110 South 1 1336
1640 South 16 1607
1160 East 16 1046
780 East 19 1515
850 East 18 1032
1610 South 17 1012
1010 South 9 1626
350 East 7 1148
1360 East 5 1613
1110 South 5 1341
1290 East 14 1407
910 East 19 1100
1880 South 7 1527
110 East 8 1012
1890 South 19 1811
870 East 2 1528
860 East 16 1736
120 East 2 1738
180 South 10 1024
630 East 10 1205
1280 South 20 1330
810 South 11 1900
80 South 20 1437
1760 East 3 1024
1820 South 3 1021
1060 East 4 1728
220 South 17 1002
1870 South 17 1159
790 South 20 1335
1610 East 1 1256
660 East 1 1234
840 South 13 1336
120 East 10 1337
230 South 7 1747
1590 South 8 1845
1730 South 10 1041
1790 East 14 1449
530 East 20 1847
820 East 6 1900
730 South 4 1023
760 East 8 1221
570 South 3 1425
450 East 2 1101
1260 East 17 1446
1140 East 16 1157
640 East 10 1405
750 East 11 1900
1050 East 16 1141
580 East 5 1648
1890 East 5 1018
780 South 6 1439
750 East 19 1150
910 East 0 1406
920 South 0 1036
740 East 7 1732
240 South 15 1254
1710 South 19 1623
1790 South 10 1351
740 East 6 1039
790 East 9 1900
610 South 12 1616
1170 South 5 1350
240 South 8 1337
1570 South 7 1500
680 East 3 1338
110 East 15 1220
110 East 18 1123
270 South 16 1743
980 East 6 1334
360 East 13 1840
1770 South 18 1517
10 East 13 1326
250 East 9 1346
840 East 15 1511
390 South 16 1120
720 East 19 1310
1010 South 5 1900
1550 East 7 1215
1640 East 2 1244
1860 East 3 1517
570 South 7 1458
